[32.] -> [348.]
[348.] -> [32.]
[39.] -> [704.]
[704.] -> [39.]
[39.] -> [825.]
[825.] -> [39.]
[71.] -> [279.]
[279.] -> [71.]
[334.] -> [895.]
[895.] -> [334.]
[368.] -> [947.]
[947.] -> [368.]
[809.] -> [529.]
[849.] -> [529.]
[571.] -> [623.]
[623.] -> [571.]
[571.] -> [795.]
[571.] -> [853.]
[853.] -> [571.]
[581.] -> [966.]
[966.] -> [581.]
[623.] -> [795.]
[623.] -> [853.]
[853.] -> [623.]
[675.] -> [921.]
[921.] -> [675.]
[704.] -> [825.]
[825.] -> [704.]
[766.] -> [853.]
[853.] -> [766.]
[789.] -> [829.]
[829.] -> [789.]
[853.] -> [795.]
[809.] -> [849.]
[849.] -> [809.]
[ 39. 704.] -> [825.]
[704.] -> [825.  39.]
[39.] -> [825. 704.]
[ 39. 825.] -> [704.]
[825.] -> [704.  39.]
[39.] -> [704. 825.]
[704. 825.] -> [39.]
[825.] -> [ 39. 704.]
[704.] -> [ 39. 825.]
[529. 809.] -> [849.]
[809.] -> [849. 529.]
[529. 849.] -> [809.]
[849.] -> [809. 529.]
[809. 849.] -> [529.]
[849.] -> [529. 809.]
[809.] -> [529. 849.]
[571. 623.] -> [795.]
[623.] -> [795. 571.]
[571.] -> [795. 623.]
[571. 795.] -> [623.]
[571.] -> [623. 795.]
[623. 795.] -> [571.]
[623.] -> [571. 795.]
[571. 623.] -> [853.]
[623.] -> [853. 571.]
[571.] -> [853. 623.]
[571. 853.] -> [623.]
[853.] -> [623. 571.]
[571.] -> [623. 853.]
[623. 853.] -> [571.]
[853.] -> [571. 623.]
[623.] -> [571. 853.]
[571. 795.] -> [853.]
[571.] -> [853. 795.]
[571. 853.] -> [795.]
[853.] -> [795. 571.]
[571.] -> [795. 853.]
[795. 853.] -> [571.]
[853.] -> [571. 795.]
[623. 795.] -> [853.]
[623.] -> [853. 795.]
[623. 853.] -> [795.]
[853.] -> [795. 623.]
[623.] -> [795. 853.]
[795. 853.] -> [623.]
[853.] -> [623. 795.]
[571. 623. 795.] -> [853.]
[623. 795.] -> [853. 571.]
[623.] -> [853. 571. 795.]
[571. 795.] -> [853. 623.]
[571.] -> [853. 623. 795.]
[571. 623.] -> [853. 795.]
[623.] -> [853. 795. 571.]
[571.] -> [853. 795. 623.]
[571. 623. 853.] -> [795.]
[623. 853.] -> [795. 571.]
[853.] -> [795. 571. 623.]
[623.] -> [795. 571. 853.]
[571. 853.] -> [795. 623.]
[853.] -> [795. 623. 571.]
[571.] -> [795. 623. 853.]
[571. 623.] -> [795. 853.]
[623.] -> [795. 853. 571.]
[571.] -> [795. 853. 623.]
[571. 795. 853.] -> [623.]
[795. 853.] -> [623. 571.]
[853.] -> [623. 571. 795.]
[571. 853.] -> [623. 795.]
[853.] -> [623. 795. 571.]
[571.] -> [623. 795. 853.]
[571. 795.] -> [623. 853.]
[571.] -> [623. 853. 795.]
[623. 795. 853.] -> [571.]
[795. 853.] -> [571. 623.]
[853.] -> [571. 623. 795.]
[623. 853.] -> [571. 795.]
[853.] -> [571. 795. 623.]
[623.] -> [571. 795. 853.]
[623. 795.] -> [571. 853.]
[623.] -> [571. 853. 795.]
